Temp,Resistance
296.15,0.105
296.15,0.189
296.15,0.212
296.15,0.221
296.15,0.121
296.15,0.157
296.15,0.102
296.15,0.145
297.15,0.233
297.15,0.222
297.15,0.228
297.15,0.150
299.15,0.155
299.15,0.132
299.15,0.180
299.15,0.237
302.15,0.184
302.15,0.226
302.15,0.131
302.15,0.119
304.15,0.210
304.15,0.171
304.15,0.232
304.15,0.176
305.15,0.108
305.15,0.121
305.15,0.111
305.15,0.207
307.15,0.218
307.15,0.231
307.15,0.177
307.15,0.101
309.15,0.144
309.15,0.108
309.15,0.196
309.15,0.218
311.15,0.128
311.15,0.170
311.15,0.112
314.15,0.224
314.15,0.236
314.15,0.206
315.15,0.101
315.15,0.163
315.15,0.102
316.15,0.192
316.15,0.149
316.15,0.245
317.15,0.206
317.15,0.252
317.15,0.162
318.15,0.123
318.15,0.108
318.15,0.156
320.15,0.246
320.15,0.233
320.15,0.244
321.15,0.164
321.15,0.226
321.15,0.135
322.15,0.171
322.15,0.132
322.15,0.228
323.15,0.247
323.15,0.276
323.15,0.241
324.15,0.130
324.15,0.157
324.15,0.128
325.15,0.173
325.15,0.131
325.15,0.253
326.15,0.224
326.15,0.265
326.15,0.183
327.15,0.128
327.15,0.132
327.15,0.255
328.15,0.229
328.15,0.252
328.15,0.190
329.15,0.132
329.15,0.134
329.15,0.151
330.15,0.237
330.15,0.191
330.15,0.222
331.15,0.159
331.15,0.227
331.15,0.125
331.15,0.123
331.15,0.108
331.15,0.214