Tesla,Resistance
0.00,0.295
-0.00,0.269
-0.01,0.295
-0.01,0.239
-0.01,0.230
-0.01,0.282
-0.01,0.175
-0.01,0.166
-0.01,0.260
-0.01,0.076
-0.01,0.140
-0.01,0.104
-0.01,0.175
-0.01,0.016
-0.01,0.390
-0.01,0.015
-0.01,0.416
-0.01,0.034
-0.01,0.309
-0.01,0.116
-0.01,0.193
-0.01,0.018
-0.01,0.078
-0.01,0.140
-0.01,0.414
-0.01,0.074
-0.01,0.432
-0.01,0.087
-0.01,0.139
-0.02,0.402
-0.02,0.358
-0.02,0.359
-0.02,0.127
-0.02,0.466
-0.02,0.473
-0.02,0.364
-0.02,0.043
-0.02,0.240
-0.02,0.326
-0.02,0.470
-0.02,0.011
-0.02,0.035
-0.02,0.043
-0.02,0.082
-0.02,0.108
-0.02,0.083
-0.02,0.124
-0.01,0.046
-0.01,0.077
-0.01,0.118
-0.01,0.115
-0.01,0.147
-0.02,0.262
-0.01,0.237
-0.02,0.244
-0.02,0.189
-0.02,0.185
-0.02,0.167
-0.02,0.294
-0.02,0.464
-0.02,0.393
-0.02,0.411
-0.02,0.471
-0.02,0.382
-0.02,0.320
-0.02,0.478
-0.02,0.418
-0.02,0.500
-0.02,0.112
-0.02,0.421
-0.02,0.073
-0.02,0.384
-0.02,0.104
-0.02,0.124
-0.02,0.214
-0.02,0.178
-0.02,0.143
-0.02,0.149
-0.02,0.199
-0.02,0.219
-0.02,0.173
-0.02,0.198
-0.02,0.152
-0.02,0.195
-0.02,0.177
-0.02,0.203
-0.02,0.156
-0.02,0.181
-0.02,0.230
-0.02,0.223
-0.02,0.233
-0.02,0.178
-0.02,0.178
-0.02,0.171
-0.02,0.217
-0.02,0.221
-0.02,0.154
-0.02,0.179
-0.02,0.139
-0.02,0.175
-0.02,0.216
-0.02,0.214
-0.02,0.210
-0.02,0.157
-0.02,0.174
-0.02,0.161
-0.02,0.211
-0.02,0.232
-0.02,0.183
-0.02,0.207
-0.02,0.166
-0.02,0.203
-0.02,0.230
-0.02,0.227
-0.02,0.234
-0.02,0.174
-0.02,0.193
-0.02,0.186
-0.02,0.239
-0.02,0.244