Temp,Resistance
296.15,0.329
296.15,0.438
296.15,0.232
296.15,0.345
296.15,0.462
296.15,0.150
296.15,0.073
296.15,0.299
296.15,0.272
296.15,0.244
296.15,0.233
296.15,0.256
296.15,0.200
296.15,0.336
296.15,0.159
296.15,0.336
296.15,0.193
296.15,0.129
296.15,0.174
296.15,0.156
296.15,0.146
296.15,0.189
296.15,0.139
296.15,0.156
296.15,0.114
296.15,0.122
296.15,0.368
296.15,0.387
296.15,0.048
296.15,0.034
296.15,0.195
296.15,0.197
296.15,0.185
296.15,0.149
296.15,0.057
296.15,0.290
296.15,0.299
296.15,0.458
296.15,0.198
296.15,0.327
296.15,0.420
296.15,0.130
296.15,0.450
296.15,0.368
296.15,0.429
296.15,0.243
296.15,0.135
296.15,0.487
296.15,0.220
296.15,0.129
296.15,0.242
296.15,0.265
296.15,0.207
296.15,0.242
296.15,0.263
296.15,0.267
296.15,0.466
296.15,0.386
296.15,0.188
296.15,0.232
296.15,0.348
296.15,0.473
296.15,0.488
296.15,0.344
296.15,0.089
296.15,0.328
296.15,0.488
296.15,0.440
296.15,0.354
296.15,0.333
296.15,0.487
296.15,0.463
296.15,0.157
296.15,0.231
296.15,0.466
296.15,0.171
296.15,0.166
296.15,0.173
296.15,0.245
296.15,0.231
296.15,0.255
296.15,0.361
296.15,0.236
296.15,0.463
296.15,0.026
296.15,0.053
296.15,0.096
296.15,0.168
296.15,0.412
296.15,0.355
296.15,0.261
296.15,0.411
296.15,0.485
296.15,0.485
296.15,0.327
296.15,0.333
296.15,0.476
296.15,0.435
296.15,0.028
296.15,0.057
296.15,0.387
296.15,0.383
296.15,0.059
296.15,0.161
296.15,0.245
296.15,0.278
296.15,0.305
296.15,0.268
296.15,0.286
296.15,0.283
296.15,0.235
296.15,0.064
296.15,0.099
296.15,0.215
296.15,0.207
296.15,0.261
296.15,0.299
296.15,0.208
296.15,0.175
296.15,0.039
296.15,0.268
296.15,0.325
296.15,0.226
296.15,0.489
296.15,0.460
296.15,0.062
296.15,0.040
296.15,0.071
296.15,0.165
296.15,0.045
296.15,0.075
296.15,0.065
296.15,0.104
296.15,0.053
296.15,0.036
296.15,0.065
296.15,0.089
296.15,0.067
296.15,0.083
296.15,0.151
296.15,0.081
296.15,0.069
296.15,0.335
296.15,0.110
296.15,0.105
296.15,0.189
296.15,0.212
296.15,0.221
296.15,0.121
296.15,0.157
296.15,0.102
296.15,0.145
297.15,0.233
297.15,0.222
297.15,0.228
297.15,0.150
299.15,0.155
299.15,0.132
299.15,0.180
299.15,0.237
302.15,0.184
302.15,0.226
302.15,0.131
302.15,0.119
304.15,0.210
304.15,0.171
304.15,0.232
304.15,0.176
305.15,0.108
305.15,0.121
305.15,0.111
305.15,0.207
307.15,0.218
307.15,0.231
307.15,0.177
307.15,0.101
309.15,0.144
309.15,0.108
309.15,0.196
309.15,0.218
311.15,0.128
311.15,0.170
311.15,0.112
314.15,0.224
314.15,0.236
314.15,0.206
315.15,0.101
315.15,0.163
315.15,0.102
316.15,0.192
316.15,0.149
316.15,0.245
317.15,0.206
317.15,0.252
317.15,0.162
318.15,0.123
318.15,0.108
318.15,0.156
320.15,0.246
320.15,0.233
320.15,0.244
321.15,0.164
321.15,0.226
321.15,0.135
322.15,0.171
322.15,0.132
322.15,0.228
323.15,0.247
323.15,0.276
323.15,0.241
324.15,0.130
324.15,0.157
324.15,0.128
325.15,0.173
325.15,0.131
325.15,0.253
326.15,0.224
326.15,0.265
326.15,0.183
327.15,0.128
327.15,0.132
327.15,0.255
328.15,0.229
328.15,0.252
328.15,0.190
329.15,0.132
329.15,0.134
329.15,0.151
330.15,0.237
330.15,0.191
330.15,0.222
331.15,0.159
331.15,0.227
331.15,0.125
331.15,0.123
331.15,0.108
331.15,0.214
332.15,0.403
332.15,0.405
333.15,0.385
333.15,0.387
333.15,0.282
332.15,0.325
332.15,0.276
332.15,0.289
332.15,0.428
332.15,0.364
332.15,0.434
332.15,0.235
332.15,0.401
332.15,0.288
332.15,0.212
332.15,0.080
332.15,0.422
332.15,0.390
332.15,0.343
332.15,0.330
332.15,0.388
332.15,0.359
332.15,0.264
332.15,0.246
332.15,0.233
332.15,0.314
332.15,0.419
332.15,0.388
332.15,0.450
332.15,0.246
332.15,0.252
332.15,0.421
332.15,0.300
332.15,0.288
332.15,0.187
332.15,0.273
332.15,0.306
332.15,0.387
332.15,0.409
332.15,0.380
332.15,0.371
332.15,0.299
332.15,0.272
332.15,0.255
332.15,0.401
332.15,0.275
332.15,0.444
332.15,0.351
332.15,0.414
332.15,0.251
332.15,0.318
332.15,0.360
332.15,0.437
332.15,0.479
332.15,0.492
332.15,0.358
332.15,0.352
332.15,0.417
332.15,0.332
332.15,0.417
332.15,0.409
332.15,0.370
332.15,0.455
332.15,0.350
332.15,0.205
332.15,0.373
332.15,0.038
332.15,0.113
332.15,0.196
332.15,0.163
332.15,0.407
332.15,0.454
332.15,0.427
332.15,0.363
332.15,0.500
332.15,0.377
332.15,0.429
332.15,0.493
332.15,0.493
332.15,0.412
332.15,0.234
332.15,0.298
332.15,0.252
332.15,0.427
332.15,0.302
332.15,0.500
332.15,0.305
332.15,0.398
332.15,0.165
332.15,0.163
332.15,0.128
332.15,0.260
332.15,0.398
332.15,0.407
332.15,0.228
332.15,0.193
332.15,0.172
332.15,0.300
332.15,0.500
332.15,0.491
332.15,0.453
332.15,0.136
332.15,0.301
332.15,0.193
332.15,0.415
332.15,0.398
332.15,0.482
332.15,0.371
332.15,0.307
332.15,0.232
332.15,0.414
332.15,0.434
332.15,0.488
332.15,0.487
332.15,0.490
332.15,0.449
332.15,0.024
332.15,0.024
332.15,0.030
332.15,0.054
332.15,0.043
332.15,0.085
332.15,0.059
332.15,0.087
332.15,0.026
332.15,0.029
332.15,0.029
332.15,0.086
332.15,0.121
332.15,0.140
332.15,0.199
332.15,0.181
332.15,0.111
332.15,0.325
332.15,0.452
332.15,0.485
332.15,0.469
332.15,0.438
332.15,0.441
332.15,0.448
332.15,0.477
332.15,0.467
332.15,0.479
332.15,0.464
332.15,0.474
332.15,0.456
332.15,0.253
332.15,0.339
332.15,0.467
332.15,0.483
332.15,0.465
332.15,0.425
332.15,0.335
332.15,0.296
332.15,0.054
332.15,0.345
332.15,0.194
332.15,0.036
332.15,0.315
332.15,0.038
332.15,0.456
332.15,0.254
332.15,0.147
332.15,0.044
332.15,0.087
332.15,0.141
332.15,0.237
332.15,0.208
332.15,0.278
332.15,0.026
332.15,0.030
332.15,0.040
333.15,0.105
333.15,0.029
333.15,0.053
332.15,0.072
332.15,0.074
332.15,0.046
332.15,0.027
332.15,0.272
332.15,0.430
332.15,0.156
332.15,0.157
332.15,0.142
332.15,0.154
332.15,0.371
332.15,0.103
331.15,0.140
331.15,0.212
331.15,0.213
331.15,0.423
331.15,0.058
331.15,0.034
331.15,0.024
331.15,0.157
331.15,0.028
331.15,0.141
331.15,0.489
331.15,0.087
331.15,0.075
331.15,0.489
331.15,0.022
330.15,0.025
330.15,0.023
330.15,0.030
330.15,0.065
330.15,0.219
330.15,0.070
330.15,0.056
330.15,0.117
330.15,0.066
330.15,0.087
330.15,0.055
330.15,0.460
329.15,0.103
329.15,0.042
329.15,0.445
329.15,0.038
329.15,0.161
329.15,0.103
329.15,0.068
329.15,0.030
329.15,0.053
328.15,0.078
328.15,0.081
328.15,0.107
328.15,0.078
328.15,0.111
328.15,0.037
328.15,0.052
328.15,0.060
328.15,0.107
328.15,0.123
328.15,0.135
328.15,0.115
328.15,0.119
328.15,0.107
328.15,0.083
327.15,0.118
327.15,0.140
327.15,0.140
327.15,0.124
327.15,0.144
327.15,0.125
327.15,0.144
327.15,0.135
327.15,0.163
327.15,0.171
327.15,0.184
327.15,0.169
326.15,0.142
326.15,0.155
326.15,0.150
326.15,0.337
326.15,0.414
326.15,0.461
326.15,0.470
326.15,0.123
326.15,0.224
326.15,0.062
326.15,0.142
326.15,0.168
325.15,0.141
325.15,0.180
325.15,0.173
325.15,0.162
325.15,0.184
325.15,0.155
325.15,0.134
325.15,0.153
325.15,0.193
325.15,0.208
325.15,0.333
325.15,0.211
324.15,0.374
324.15,0.117
324.15,0.270
324.15,0.145
324.15,0.137
324.15,0.144
324.15,0.173
324.15,0.193
324.15,0.174
324.15,0.239
324.15,0.256
324.15,0.249
323.15,0.386
323.15,0.339
323.15,0.425
323.15,0.038
323.15,0.039
323.15,0.431
323.15,0.098
323.15,0.151
323.15,0.190
323.15,0.130
323.15,0.107
323.15,0.245
322.15,0.191
322.15,0.293
322.15,0.414
322.15,0.338
322.15,0.322
322.15,0.262
322.15,0.249
322.15,0.175
322.15,0.217
322.15,0.202
322.15,0.234
322.15,0.165
322.15,0.148
322.15,0.148
322.15,0.193
321.15,0.147
321.15,0.180
321.15,0.139
321.15,0.140
321.15,0.121
321.15,0.115
321.15,0.186
321.15,0.152
321.15,0.146
321.15,0.225
321.15,0.225
321.15,0.029
321.15,0.130
321.15,0.238
321.15,0.089
320.15,0.189
320.15,0.485
320.15,0.420
320.15,0.343
320.15,0.370
320.15,0.380
320.15,0.408
320.15,0.413
320.15,0.418
320.15,0.340
320.15,0.308
320.15,0.229
320.15,0.189
320.15,0.175
320.15,0.191
319.15,0.217
319.15,0.210
319.15,0.214
319.15,0.180
319.15,0.198
319.15,0.263
319.15,0.146
319.15,0.157
319.15,0.178
319.15,0.285
319.15,0.452
319.15,0.387
319.15,0.261
319.15,0.420
319.15,0.292
318.15,0.341
318.15,0.378
318.15,0.336
318.15,0.184
318.15,0.156
318.15,0.142
318.15,0.148
318.15,0.138
318.15,0.329
318.15,0.445
318.15,0.359
318.15,0.078
318.15,0.091
318.15,0.145
318.15,0.374
317.15,0.318
317.15,0.370
317.15,0.080
317.15,0.132
317.15,0.322
317.15,0.263
317.15,0.321
317.15,0.347
317.15,0.368
317.15,0.413
317.15,0.399
317.15,0.415
317.15,0.359
317.15,0.338
317.15,0.413
316.15,0.489
316.15,0.033
316.15,0.054
316.15,0.049
316.15,0.068
316.15,0.045
316.15,0.060
316.15,0.048
316.15,0.080
316.15,0.191
316.15,0.266
316.15,0.449
316.15,0.226
316.15,0.073
316.15,0.036
316.15,0.092
316.15,0.060
316.15,0.115
315.15,0.168
315.15,0.109
315.15,0.136
315.15,0.158
315.15,0.181
315.15,0.168
315.15,0.142
315.15,0.160
315.15,0.156
315.15,0.216
315.15,0.227
315.15,0.261
315.15,0.189
315.15,0.199
315.15,0.350
314.15,0.394
314.15,0.347
314.15,0.169
314.15,0.444
314.15,0.408
314.15,0.161
314.15,0.158
314.15,0.022
314.15,0.040
314.15,0.217
314.15,0.085
314.15,0.079
313.15,0.059
313.15,0.120
313.15,0.186
314.15,0.155
314.15,0.125
314.15,0.130
313.15,0.129
313.15,0.145
313.15,0.158
313.15,0.133
313.15,0.142
313.15,0.110
313.15,0.122
313.15,0.111
313.15,0.140
313.15,0.140
313.15,0.140
313.15,0.141
312.15,0.112
312.15,0.200
312.15,0.114
312.15,0.137
312.15,0.117
312.15,0.206
312.15,0.111
312.15,0.142
312.15,0.269
312.15,0.210
312.15,0.282
312.15,0.138
312.15,0.121
312.15,0.225
312.15,0.225
312.15,0.441
312.15,0.074
312.15,0.148
311.15,0.132
311.15,0.116
311.15,0.119
311.15,0.091
311.15,0.194
311.15,0.048
311.15,0.059
311.15,0.154
311.15,0.485
311.15,0.472
311.15,0.022
311.15,0.397
311.15,0.011
311.15,0.035
311.15,0.168
311.15,0.096
311.15,0.193
311.15,0.128
310.15,0.152
310.15,0.150
310.15,0.110
310.15,0.134
310.15,0.234
310.15,0.222
310.15,0.418
310.15,0.225
310.15,0.330
310.15,0.243
310.15,0.267
310.15,0.338
310.15,0.464
310.15,0.401
310.15,0.324
310.15,0.312
310.15,0.366
310.15,0.354
310.15,0.367
310.15,0.314
309.15,0.272
309.15,0.303
309.15,0.287
309.15,0.308
309.15,0.331
309.15,0.331
309.15,0.327
309.15,0.290
309.15,0.286
309.15,0.280
309.15,0.300
309.15,0.330
309.15,0.310
309.15,0.328
309.15,0.294
309.15,0.276
308.15,0.305
308.15,0.293
308.15,0.324
308.15,0.306
308.15,0.274
308.15,0.286
308.15,0.482
308.15,0.376
308.15,0.076
308.15,0.135
308.15,0.052
308.15,0.149
308.15,0.166
308.15,0.483
308.15,0.381
308.15,0.266
308.15,0.024
308.15,0.197
308.15,0.264
307.15,0.247
307.15,0.274
307.15,0.235
307.15,0.224
307.15,0.285
307.15,0.279
307.15,0.299
307.15,0.195
307.15,0.027
307.15,0.170
307.15,0.338
307.15,0.178
307.15,0.233
307.15,0.482
307.15,0.303
307.15,0.443
307.15,0.380
307.15,0.106
307.15,0.255
307.15,0.363
307.15,0.223
307.15,0.188
307.15,0.335
307.15,0.188
306.15,0.070
306.15,0.219
306.15,0.145
306.15,0.193
306.15,0.188
306.15,0.228
306.15,0.229
306.15,0.218
306.15,0.267
306.15,0.253
306.15,0.246
306.15,0.279
306.15,0.383
306.15,0.379
306.15,0.357
306.15,0.370
306.15,0.370
306.15,0.381
306.15,0.396
306.15,0.388
306.15,0.432
306.15,0.395
306.15,0.367
305.15,0.389
305.15,0.367
305.15,0.382
305.15,0.357
305.15,0.331
305.15,0.335
305.15,0.335
305.15,0.364
305.15,0.354
305.15,0.370
305.15,0.354
305.15,0.374
305.15,0.423
305.15,0.475
305.15,0.445
305.15,0.457
305.15,0.091
305.15,0.101
305.15,0.050
305.15,0.229
305.15,0.326
305.15,0.110
305.15,0.081
305.15,0.128
304.15,0.127
304.15,0.243
304.15,0.476
304.15,0.269
304.15,0.274
304.15,0.297
304.15,0.290
304.15,0.301
304.15,0.298
304.15,0.351
304.15,0.288
304.15,0.219
304.15,0.224
304.15,0.219
304.15,0.291
304.15,0.288
304.15,0.276
304.15,0.398
304.15,0.349
304.15,0.195
304.15,0.190
304.15,0.211
304.15,0.065
304.15,0.040
303.15,0.045
303.15,0.065
303.15,0.168
303.15,0.273
303.15,0.439
303.15,0.410
303.15,0.400
303.15,0.445
303.15,0.478
303.15,0.416
303.15,0.409
303.15,0.308
303.15,0.271
303.15,0.250
303.15,0.298
303.15,0.261
303.15,0.247
303.15,0.291
303.15,0.232
303.15,0.238
303.15,0.192
303.15,0.210
303.15,0.087
302.15,0.076
302.15,0.106
302.15,0.083
302.15,0.114
302.15,0.162
302.15,0.134
302.15,0.268
302.15,0.458
302.15,0.436
302.15,0.164
302.15,0.406
302.15,0.344
302.15,0.044
302.15,0.083
302.15,0.022
302.15,0.032
302.15,0.069
302.15,0.035
302.15,0.020
302.15,0.026
302.15,0.038
302.15,0.025
302.15,0.055
302.15,0.019
302.15,0.020
302.15,0.019
302.15,0.257
302.15,0.484
302.15,0.173
302.15,0.488
302.15,0.382
302.15,0.310
301.15,0.448
301.15,0.388
301.15,0.461
301.15,0.488
301.15,0.474
301.15,0.482
301.15,0.342
301.15,0.233
301.15,0.274
301.15,0.201
301.15,0.197
301.15,0.478
301.15,0.478
301.15,0.233
301.15,0.000
301.15,0.005
301.15,0.033
301.15,0.030
301.15,0.062
301.15,0.006
301.15,0.005
301.15,0.000
301.15,0.046
301.15,0.028
301.15,0.007
301.15,0.020
301.15,0.232
301.15,0.405
301.15,0.228
301.15,0.211
301.15,0.338
301.15,0.188
300.15,0.143
300.15,0.120
300.15,0.119
300.15,0.129
300.15,0.105
300.15,0.109
300.15,0.061
300.15,0.060
300.15,0.092
300.15,0.078
300.15,0.097
300.15,0.065
300.15,0.053
300.15,0.058
300.15,0.040
300.15,0.052
300.15,0.500
300.15,0.314
300.15,0.295
300.15,0.327
300.15,0.454
300.15,0.285
300.15,0.490
300.15,0.139
300.15,0.276
300.15,0.393
300.15,0.448
300.15,0.463
299.15,0.485
299.15,0.480
299.15,0.479
299.15,0.452
299.15,0.443
299.15,0.439
299.15,0.457
299.15,0.485
299.15,0.471
299.15,0.482
299.15,0.456
299.15,0.440
299.15,0.465
299.15,0.450
299.15,0.480
299.15,0.476
299.15,0.446
299.15,0.460
299.15,0.436
299.15,0.458
298.15,0.482
298.15,0.470
298.15,0.477
298.15,0.447
298.15,0.429
298.15,0.428
298.15,0.436
298.15,0.464
298.15,0.458
298.15,0.469
298.15,0.439
298.15,0.405
298.15,0.429
298.15,0.424
298.15,0.390
298.15,0.405
298.15,0.444
298.15,0.374
298.15,0.244
298.15,0.220
298.15,0.216
298.15,0.249
298.15,0.269
298.15,0.250
298.15,0.275
298.15,0.241
298.15,0.254
297.15,0.301
297.15,0.283
297.15,0.290
297.15,0.289
297.15,0.244
297.15,0.241
297.15,0.331
297.15,0.220
297.15,0.121
297.15,0.171
297.15,0.171
297.15,0.161
297.15,0.190
297.15,0.186
297.15,0.223
297.15,0.238
297.15,0.209
297.15,0.231
297.15,0.207
297.15,0.226
297.15,0.265
297.15,0.266
297.15,0.257
297.15,0.207
297.15,0.187
297.15,0.274
297.15,0.388
297.15,0.252
296.15,0.315
296.15,0.078
296.15,0.397
296.15,0.078
296.15,0.107
296.15,0.086
296.15,0.109
296.15,0.171
296.15,0.288
296.15,0.449
296.15,0.463
296.15,0.452
296.15,0.342
296.15,0.179
296.15,0.023
296.15,0.352
296.15,0.091
296.15,0.196
296.15,0.050
296.15,0.471
296.15,0.359
296.15,0.361
296.15,0.284
296.15,0.426
296.15,0.363
296.15,0.326
296.15,0.271
296.15,0.220
295.15,0.171
295.15,0.161
295.15,0.166
295.15,0.190
295.15,0.174
295.15,0.185
295.15,0.140
295.15,0.161
295.15,0.338
295.15,0.460
295.15,0.457
295.15,0.404
295.15,0.242
295.15,0.056
295.15,0.175
295.15,0.077
295.15,0.154
295.15,0.166
295.15,0.119
295.15,0.105
295.15,0.131
295.15,0.122
295.15,0.158
295.15,0.166
295.15,0.134
295.15,0.156
295.15,0.126
295.15,0.143
294.15,0.175
294.15,0.168
294.15,0.182
294.15,0.154
294.15,0.133
294.15,0.140
294.15,0.141
294.15,0.178
294.15,0.184
294.15,0.195
294.15,0.172
294.15,0.142
294.15,0.157
294.15,0.146
294.15,0.186
294.15,0.153
294.15,0.144
294.15,0.142
294.15,0.160
294.15,0.194
294.15,0.186
294.15,0.202
294.15,0.191
294.15,0.147
294.15,0.185
294.15,0.172
294.15,0.176
294.15,0.162
294.15,0.152
294.15,0.188
294.15,0.195
293.15,0.161
293.15,0.182
293.15,0.152
293.15,0.168
293.15,0.199
293.15,0.191
293.15,0.205
293.15,0.178
293.15,0.155
293.15,0.158
293.15,0.162
293.15,0.197
293.15,0.201
293.15,0.213
293.15,0.202
293.15,0.158
293.15,0.173
293.15,0.169
293.15,0.204
293.15,0.204
293.15,0.216
293.15,0.202
293.15,0.219
293.15,0.190
293.15,0.232
293.15,0.193
293.15,0.231
293.15,0.215
292.15,0.183
292.15,0.191
292.15,0.166
292.15,0.185
292.15,0.217
292.15,0.214
292.15,0.322
292.15,0.400
292.15,0.384
292.15,0.289
292.15,0.299
292.15,0.119
292.15,0.167
292.15,0.163
292.15,0.123
292.15,0.128
292.15,0.161
292.15,0.154
292.15,0.192
292.15,0.188
292.15,0.154
292.15,0.173
292.15,0.155
292.15,0.186
292.15,0.209
292.15,0.204
292.15,0.204
292.15,0.172
292.15,0.202
292.15,0.194
292.15,0.215
292.15,0.191
292.15,0.162
292.15,0.175
292.15,0.168
292.15,0.200
292.15,0.215
292.15,0.221
292.15,0.206
292.15,0.174
291.15,0.175
291.15,0.170
291.15,0.197
291.15,0.218
291.15,0.206
291.15,0.227
291.15,0.190
291.15,0.175
291.15,0.249
291.15,0.236
291.15,0.249
291.15,0.182
291.15,0.230
291.15,0.145
291.15,0.062
291.15,0.350
291.15,0.472
291.15,0.164
291.15,0.212
291.15,0.031
291.15,0.239
291.15,0.170
291.15,0.457
291.15,0.092
291.15,0.046
291.15,0.049
291.15,0.357
291.15,0.091
291.15,0.318
291.15,0.261
291.15,0.288
291.15,0.242
291.15,0.205
291.15,0.024
291.15,0.235
291.15,0.061
290.15,0.089
290.15,0.055
290.15,0.019
290.15,0.015
290.15,0.031
290.15,0.395
290.15,0.484
290.15,0.485
290.15,0.334
290.15,0.325
290.15,0.346
290.15,0.461
290.15,0.500
290.15,0.500
290.15,0.500
290.15,0.481
290.15,0.428
290.15,0.385
290.15,0.335
290.15,0.273
290.15,0.158
290.15,0.167
290.15,0.137
290.15,0.272
290.15,0.225
290.15,0.098
290.15,0.109
290.15,0.204
290.15,0.277
290.15,0.165
290.15,0.047
290.15,0.023
290.15,0.019
290.15,0.132
290.15,0.134
290.15,0.118
290.15,0.089
290.15,0.066
290.15,0.037
290.15,0.016
289.15,0.028
289.15,0.032
289.15,0.451
289.15,0.044
289.15,0.011
289.15,0.021
289.15,0.049
289.15,0.050
289.15,0.117
289.15,0.099
289.15,0.099
289.15,0.097
289.15,0.079
289.15,0.083
289.15,0.078
289.15,0.116
289.15,0.083
289.15,0.278
289.15,0.074
289.15,0.134
289.15,0.051
289.15,0.023
289.15,0.064
289.15,0.055
289.15,0.068
289.15,0.044
289.15,0.046
289.15,0.083
289.15,0.107
289.15,0.123
289.15,0.139
289.15,0.094
289.15,0.117
289.15,0.101
289.15,0.094
289.15,0.152
289.15,0.108
289.15,0.091
289.15,0.044
289.15,0.000
289.15,0.000
289.15,0.162
289.15,0.148
289.15,0.143
289.15,0.123
289.15,0.098
289.15,0.128
288.15,0.187
288.15,0.202
288.15,0.296
288.15,0.258
288.15,0.113
288.15,0.227
288.15,0.440
288.15,0.448
288.15,0.156
288.15,0.217
288.15,0.238
288.15,0.190
288.15,0.136
288.15,0.014
288.15,0.045
288.15,0.040
288.15,0.047
288.15,0.072
288.15,0.052
288.15,0.076
288.15,0.118
288.15,0.106
288.15,0.116
288.15,0.071
288.15,0.000
288.15,0.000
288.15,0.035
288.15,0.111
288.15,0.129
288.15,0.116
288.15,0.078
288.15,0.080
288.15,0.357
288.15,0.446
288.15,0.190
288.15,0.477
288.15,0.451
288.15,0.354
288.15,0.279
288.15,0.403
287.15,0.445
287.15,0.473
287.15,0.472
287.15,0.406
287.15,0.317
287.15,0.000
287.15,0.024
287.15,0.163
287.15,0.000
287.15,0.000
287.15,0.009
287.15,0.318
287.15,0.323
287.15,0.463
287.15,0.452
287.15,0.429
287.15,0.359
287.15,0.438
287.15,0.180
287.15,0.413
287.15,0.246
287.15,0.022
287.15,0.051
287.15,0.018
287.15,0.000
287.15,0.006
287.15,0.149
287.15,0.369
287.15,0.225
287.15,0.000
287.15,0.000
287.15,0.435
287.15,0.001
287.15,0.000
287.15,0.021
287.15,0.015
287.15,0.000
287.15,0.000
287.15,0.000
287.15,0.000
287.15,0.472
287.15,0.022
287.15,0.021
287.15,0.000
287.15,0.000
287.15,0.000
287.15,0.028
287.15,0.028
287.15,0.000
287.15,0.014
287.15,0.008
287.15,0.004
287.15,0.035
287.15,0.028
287.15,0.032
287.15,0.000
287.15,0.000
287.15,0.000
287.15,0.001
287.15,0.067
286.15,0.032
286.15,0.032
286.15,0.000
286.15,0.000
286.15,0.012
286.15,0.000
286.15,0.021
286.15,0.048
286.15,0.023
286.15,0.042
286.15,0.106
286.15,0.000
286.15,0.211
286.15,0.370
286.15,0.053
286.15,0.008
286.15,0.000
286.15,0.025
286.15,0.196
286.15,0.104
286.15,0.057
286.15,0.081
286.15,0.095
286.15,0.024
286.15,0.031
286.15,0.034
286.15,0.091
286.15,0.066
286.15,0.206
286.15,0.097
286.15,0.015
286.15,0.009
286.15,0.061
286.15,0.152
286.15,0.197
286.15,0.176
286.15,0.202
286.15,0.486
286.15,0.126
286.15,0.355
286.15,0.165
286.15,0.226
286.15,0.500
286.15,0.332
286.15,0.340
286.15,0.326
286.15,0.282
286.15,0.273
286.15,0.201
286.15,0.223
286.15,0.205
286.15,0.496
286.15,0.338
286.15,0.494
286.15,0.488
286.15,0.376
286.15,0.351
286.15,0.403
286.15,0.473
286.15,0.333
286.15,0.251
286.15,0.236
285.15,0.290
285.15,0.425
285.15,0.379
285.15,0.367
285.15,0.345
285.15,0.308
285.15,0.315
285.15,0.304
285.15,0.270
285.15,0.289
285.15,0.276
285.15,0.327
285.15,0.326
285.15,0.345
285.15,0.387
285.15,0.401
285.15,0.348
285.15,0.190
285.15,0.266
285.15,0.292
285.15,0.213
285.15,0.241
285.15,0.500
285.15,0.478
285.15,0.441
285.15,0.455
285.15,0.441
285.15,0.489
285.15,0.490
285.15,0.462
285.15,0.443
285.15,0.403
285.15,0.392
285.15,0.384
285.15,0.402
285.15,0.386
285.15,0.344
285.15,0.373
285.15,0.412
285.15,0.349
285.15,0.293
285.15,0.367
285.15,0.281
285.15,0.319
285.15,0.281
285.15,0.290
285.15,0.230
285.15,0.218
285.15,0.250
285.15,0.225
285.15,0.249
285.15,0.233
285.15,0.188
285.15,0.205
285.15,0.196
285.15,0.218
285.15,0.236
285.15,0.241
285.15,0.232
285.15,0.210
285.15,0.198
285.15,0.227
285.15,0.194
285.15,0.244
285.15,0.476
285.15,0.437
285.15,0.457
285.15,0.432
284.15,0.123
284.15,0.476
284.15,0.499
284.15,0.496
284.15,0.459
284.15,0.460
284.15,0.496
284.15,0.483
284.15,0.322
284.15,0.477
284.15,0.423
284.15,0.450
284.15,0.499
284.15,0.497
284.15,0.495
284.15,0.469
284.15,0.443
284.15,0.448
284.15,0.456
284.15,0.499
284.15,0.490
284.15,0.498
284.15,0.459
284.15,0.373
284.15,0.442
284.15,0.443
284.15,0.482
284.15,0.457
284.15,0.404
284.15,0.419
284.15,0.377
284.15,0.411
284.15,0.437
284.15,0.409
284.15,0.407
284.15,0.345
284.15,0.383
284.15,0.345
284.15,0.359
284.15,0.383
284.15,0.355
284.15,0.346
284.15,0.311
284.15,0.301
284.15,0.327
284.15,0.365
284.15,0.404
284.15,0.382
284.15,0.321
284.15,0.410
284.15,0.328
284.15,0.499
284.15,0.342
284.15,0.453
284.15,0.077
284.15,0.019
284.15,0.088
284.15,0.142
284.15,0.115
284.15,0.175
284.15,0.246
284.15,0.443
284.15,0.014
284.15,0.399
284.15,0.401
284.15,0.043
284.15,0.060
284.15,0.045
284.15,0.143
284.15,0.052
284.15,0.025
284.15,0.013
283.15,0.005
283.15,0.217
283.15,0.495
283.15,0.498
283.15,0.480
283.15,0.500
283.15,0.000
283.15,0.003
283.15,0.308
283.15,0.174
283.15,0.006
283.15,0.457
283.15,0.500
283.15,0.436
283.15,0.500
283.15,0.404
283.15,0.062
283.15,0.314
283.15,0.257
283.15,0.038
283.15,0.113
283.15,0.270
283.15,0.121
283.15,0.163
283.15,0.213
283.15,0.184
283.15,0.096
283.15,0.159
283.15,0.143
283.15,0.143
283.15,0.146
283.15,0.137
283.15,0.105
283.15,0.111
283.15,0.093
283.15,0.130
283.15,0.130
283.15,0.120
283.15,0.111
283.15,0.085
283.15,0.124
283.15,0.101
283.15,0.115
283.15,0.096
283.15,0.081
283.15,0.067
283.15,0.129
283.15,0.208
283.15,0.161
283.15,0.149
283.15,0.117
283.15,0.170
283.15,0.086
283.15,0.085
283.15,0.109
283.15,0.116
283.15,0.100
283.15,0.096
283.15,0.083
283.15,0.094
283.15,0.110
283.15,0.101
283.15,0.110
283.15,0.163
283.15,0.052
283.15,0.062
283.15,0.445
283.15,0.360
283.15,0.202
283.15,0.195
283.15,0.336
283.15,0.016
283.15,0.026
283.15,0.500
283.15,0.500
283.15,0.451
283.15,0.077
283.15,0.311
283.15,0.370
283.15,0.046
283.15,0.023
283.15,0.043
283.15,0.007
283.15,0.016
283.15,0.050
283.15,0.036
283.15,0.059
283.15,0.038
282.15,0.010
282.15,0.024
282.15,0.013
282.15,0.044
282.15,0.061
282.15,0.394
282.15,0.045
282.15,0.014
282.15,0.038
282.15,0.076
282.15,0.044
282.15,0.083
282.15,0.073
282.15,0.084
282.15,0.061
282.15,0.451
282.15,0.391
282.15,0.039
282.15,0.104
282.15,0.085
282.15,0.054
282.15,0.057
282.15,0.027
282.15,0.221
282.15,0.054
282.15,0.063
282.15,0.112
282.15,0.141
282.15,0.468
282.15,0.277
282.15,0.434
282.15,0.187
282.15,0.039
282.15,0.055
282.15,0.056
282.15,0.093
282.15,0.044
282.15,0.084
282.15,0.097
282.15,0.277
282.15,0.026
282.15,0.069
282.15,0.078
282.15,0.117
282.15,0.128
282.15,0.241
282.15,0.193
282.15,0.168
282.15,0.234
282.15,0.407
282.15,0.117
282.15,0.027
282.15,0.063
282.15,0.047
282.15,0.101
282.15,0.074
282.15,0.060
282.15,0.077
282.15,0.051
282.15,0.086
282.15,0.107
282.15,0.119
282.15,0.144
282.15,0.242
282.15,0.170
282.15,0.429
282.15,0.039
282.15,0.122
282.15,0.113
282.15,0.153
282.15,0.142
282.15,0.131
282.15,0.236
282.15,0.264
282.15,0.309
282.15,0.495
282.15,0.368
282.15,0.016
282.15,0.043
282.15,0.062
282.15,0.109
282.15,0.091
282.15,0.342
282.15,0.477
282.15,0.107
282.15,0.170
282.15,0.464
282.15,0.416
282.15,0.472
282.15,0.104
282.15,0.311
282.15,0.345
282.15,0.491
282.15,0.356
282.15,0.372
282.15,0.139
282.15,0.220
282.15,0.175
282.15,0.362
282.15,0.076
282.15,0.057
282.15,0.078
282.15,0.085
282.15,0.131
282.15,0.152
282.15,0.178
282.15,0.165
282.15,0.111
282.15,0.141
282.15,0.218
282.15,0.170
282.15,0.200
282.15,0.150
282.15,0.174
282.15,0.121
282.15,0.073
282.15,0.104
282.15,0.117
282.15,0.238
282.15,0.387
281.15,0.026
281.15,0.124
281.15,0.138
281.15,0.269
281.15,0.250
281.15,0.413
281.15,0.405
281.15,0.452
281.15,0.476
281.15,0.461
281.15,0.492
281.15,0.186
281.15,0.020
281.15,0.034
281.15,0.167
281.15,0.386
281.15,0.446
281.15,0.368
281.15,0.449
281.15,0.381
281.15,0.334
281.15,0.036
281.15,0.119
281.15,0.072
281.15,0.030
281.15,0.125
281.15,0.051
281.15,0.072
281.15,0.289
281.15,0.059
281.15,0.035
281.15,0.026
281.15,0.058
281.15,0.047
281.15,0.343
281.15,0.345
281.15,0.297
281.15,0.308
281.15,0.294
281.15,0.350
281.15,0.485
281.15,0.490
281.15,0.205
281.15,0.224
281.15,0.192
281.15,0.203
281.15,0.343
281.15,0.295
281.15,0.261
281.15,0.385
281.15,0.428
281.15,0.324
281.15,0.369
281.15,0.443
281.15,0.455
281.15,0.424
281.15,0.299
281.15,0.234
281.15,0.260
281.15,0.119
281.15,0.203
281.15,0.199
281.15,0.320
281.15,0.404
281.15,0.236
281.15,0.304
281.15,0.368
281.15,0.425
281.15,0.448
281.15,0.390
281.15,0.322
281.15,0.322
281.15,0.280
281.15,0.290
281.15,0.214
281.15,0.246
281.15,0.263
281.15,0.248
281.15,0.202
281.15,0.228
281.15,0.215
281.15,0.262
281.15,0.239
281.15,0.169
281.15,0.196
281.15,0.188
281.15,0.223
281.15,0.323
281.15,0.357
281.15,0.313
281.15,0.295
281.15,0.306
281.15,0.243
281.15,0.221
281.15,0.399
281.15,0.284
281.15,0.200
281.15,0.174
281.15,0.263
281.15,0.396
281.15,0.401
281.15,0.341
281.15,0.272
281.15,0.265
281.15,0.245
281.15,0.291
281.15,0.217
281.15,0.249
281.15,0.458
281.15,0.077
281.15,0.026
281.15,0.127
281.15,0.492
281.15,0.331
281.15,0.314
281.15,0.023
281.15,0.347
281.15,0.390
281.15,0.070
281.15,0.490
281.15,0.500
281.15,0.222
281.15,0.223
281.15,0.284
281.15,0.157
281.15,0.162
281.15,0.186
281.15,0.228
281.15,0.258
281.15,0.262
281.15,0.200
281.15,0.169
281.15,0.205
281.15,0.199
281.15,0.248
281.15,0.236
281.15,0.210
281.15,0.232
281.15,0.212
281.15,0.239
281.15,0.255
281.15,0.261
281.15,0.249
281.15,0.209
281.15,0.195
281.15,0.199
281.15,0.240
281.15,0.269
281.15,0.254
281.15,0.306
281.15,0.355
281.15,0.165
280.15,0.196
280.15,0.179
280.15,0.280
280.15,0.231
280.15,0.188
280.15,0.191
280.15,0.183
280.15,0.230
280.15,0.217
280.15,0.240
280.15,0.201
280.15,0.212
280.15,0.261
280.15,0.243
280.15,0.264
280.15,0.283
280.15,0.253
280.15,0.291
280.15,0.252
280.15,0.278
280.15,0.279
280.15,0.365
280.15,0.374
280.15,0.102
280.15,0.071
280.15,0.163
280.15,0.028
280.15,0.092
280.15,0.102
280.15,0.090
280.15,0.092
280.15,0.070
280.15,0.239
280.15,0.110
280.15,0.242
280.15,0.358
280.15,0.429
280.15,0.178
280.15,0.096
280.15,0.112
280.15,0.183
280.15,0.180
280.15,0.237
280.15,0.278
280.15,0.221
280.15,0.209
280.15,0.174
280.15,0.298
280.15,0.316
280.15,0.325
280.15,0.456
280.15,0.444
280.15,0.374
280.15,0.178
280.15,0.142
280.15,0.174
280.15,0.193
280.15,0.211
280.15,0.198
280.15,0.317
280.15,0.028
280.15,0.052
280.15,0.065
280.15,0.096
280.15,0.081
280.15,0.065
280.15,0.120
280.15,0.173
280.15,0.117
280.15,0.084
280.15,0.024
280.15,0.059
280.15,0.309
280.15,0.489
280.15,0.414
280.15,0.398
280.15,0.362
280.15,0.196
280.15,0.111
280.15,0.038
280.15,0.080
280.15,0.123
280.15,0.166
280.15,0.457
280.15,0.328
280.15,0.316
280.15,0.407
280.15,0.287
280.15,0.258
280.15,0.287
280.15,0.247
280.15,0.295
280.15,0.139
280.15,0.240
280.15,0.076
280.15,0.087
280.15,0.139
280.15,0.118
280.15,0.192
280.15,0.086
280.15,0.115
280.15,0.435
280.15,0.441
280.15,0.326
280.15,0.236
280.15,0.116
280.15,0.146
280.15,0.228
280.15,0.175
280.15,0.051
280.15,0.393
280.15,0.443
280.15,0.434
280.15,0.289
280.15,0.026
280.15,0.104
280.15,0.109
280.15,0.174
280.15,0.146
280.15,0.157
280.15,0.174
280.15,0.062
280.15,0.453
280.15,0.064
280.15,0.061
280.15,0.107
280.15,0.179
280.15,0.174
280.15,0.120
280.15,0.127
280.15,0.107
280.15,0.110
280.15,0.192
280.15,0.175
280.15,0.287
280.15,0.362
280.15,0.350
280.15,0.217
280.15,0.170
280.15,0.488
280.15,0.385
280.15,0.351
280.15,0.283
280.15,0.260
280.15,0.254
280.15,0.406
280.15,0.268
280.15,0.093
280.15,0.159
280.15,0.093
280.15,0.302
280.15,0.483
280.15,0.032
280.15,0.064
280.15,0.076
280.15,0.037
280.15,0.081
280.15,0.067
280.15,0.107
280.15,0.102
280.15,0.080
280.15,0.095
280.15,0.103
280.15,0.147
280.15,0.157
280.15,0.188
280.15,0.149
280.15,0.201
280.15,0.252
280.15,0.231
280.15,0.288
280.15,0.233
280.15,0.218
280.15,0.206
280.15,0.079
280.15,0.137
280.15,0.162
280.15,0.198
280.15,0.160
280.15,0.158
280.15,0.187
280.15,0.406
280.15,0.092
280.15,0.390
280.15,0.434
280.15,0.441
280.15,0.438
280.15,0.040
280.15,0.287
280.15,0.364
280.15,0.282
280.15,0.140
280.15,0.143
280.15,0.152
280.15,0.198
280.15,0.212
280.15,0.167
280.15,0.180
280.15,0.141
280.15,0.179
280.15,0.201
280.15,0.199
280.15,0.209
280.15,0.134
280.15,0.111
280.15,0.078
280.15,0.109
280.15,0.177
279.15,0.160
279.15,0.212
279.15,0.210
279.15,0.109
279.15,0.173
279.15,0.178
279.15,0.225
279.15,0.225
279.15,0.174
279.15,0.156
279.15,0.166
279.15,0.212
279.15,0.229
279.15,0.278
279.15,0.192
279.15,0.186
279.15,0.279
279.15,0.277
279.15,0.130
279.15,0.087
279.15,0.138
279.15,0.052
279.15,0.141
279.15,0.142
279.15,0.100
279.15,0.121
279.15,0.135
279.15,0.187
279.15,0.205
279.15,0.237
279.15,0.198
279.15,0.181
279.15,0.199
279.15,0.179
279.15,0.237
279.15,0.247
279.15,0.206
279.15,0.227
279.15,0.184
279.15,0.228
279.15,0.277
279.15,0.266
279.15,0.259
279.15,0.194
279.15,0.189
279.15,0.033
279.15,0.100
279.15,0.186
279.15,0.190
279.15,0.235
279.15,0.205
279.15,0.206
279.15,0.237
279.15,0.227
279.15,0.242
279.15,0.212
279.15,0.255
279.15,0.267
279.15,0.195
279.15,0.137
279.15,0.032
279.15,0.119
279.15,0.236
279.15,0.087
279.15,0.154
279.15,0.208
279.15,0.234
279.15,0.196
279.15,0.152
279.15,0.167
279.15,0.173
279.15,0.233
279.15,0.198
279.15,0.082
279.15,0.065
279.15,0.028
279.15,0.293
279.15,0.142
279.15,0.458
279.15,0.064
279.15,0.022
279.15,0.212
279.15,0.417
279.15,0.457
279.15,0.198
279.15,0.479
279.15,0.395
279.15,0.227
279.15,0.491
279.15,0.475
279.15,0.448
279.15,0.380
279.15,0.281
279.15,0.245
279.15,0.243
279.15,0.256
279.15,0.258
279.15,0.239
279.15,0.208
279.15,0.260
279.15,0.489
279.15,0.391
279.15,0.144
279.15,0.180
279.15,0.109
279.15,0.061
279.15,0.101
279.15,0.160
279.15,0.482
279.15,0.220
279.15,0.179
279.15,0.458
279.15,0.298
279.15,0.042
279.15,0.057
279.15,0.066
279.15,0.050
279.15,0.122
279.15,0.261
279.15,0.457
279.15,0.457
279.15,0.358
279.15,0.249
279.15,0.023
279.15,0.108
279.15,0.023
279.15,0.491
279.15,0.349
279.15,0.021
279.15,0.356
279.15,0.448
279.15,0.462
279.15,0.490
279.15,0.030
279.15,0.486
279.15,0.022
279.15,0.073
279.15,0.229
279.15,0.035
279.15,0.311
279.15,0.486
279.15,0.470
279.15,0.465
279.15,0.201
279.15,0.492
279.15,0.500
279.15,0.499
279.15,0.476
279.15,0.397
279.15,0.451
279.15,0.416
279.15,0.469
279.15,0.434
279.15,0.341
279.15,0.268
279.15,0.287
279.15,0.414
279.15,0.403
279.15,0.384
279.15,0.193
279.15,0.038
279.15,0.036
279.15,0.051
279.15,0.087
279.15,0.103
279.15,0.207
279.15,0.022
279.15,0.047
279.15,0.065
279.15,0.067
279.15,0.112
279.15,0.193
279.15,0.183
279.15,0.133
279.15,0.348
279.15,0.337
279.15,0.329
279.15,0.313
279.15,0.020
279.15,0.155
279.15,0.328
279.15,0.425
279.15,0.124
279.15,0.177
279.15,0.487
279.15,0.407
279.15,0.472
279.15,0.353
279.15,0.466
279.15,0.406
279.15,0.423
279.15,0.334
279.15,0.027
279.15,0.361
279.15,0.465
279.15,0.369
279.15,0.315
279.15,0.160
279.15,0.499
279.15,0.481
279.15,0.371
279.15,0.030
279.15,0.487
279.15,0.460
279.15,0.366
279.15,0.390
279.15,0.100
279.15,0.059
279.15,0.029
279.15,0.112
279.15,0.138
279.15,0.363
279.15,0.488
279.15,0.414
279.15,0.339
279.15,0.441
279.15,0.461
279.15,0.464
279.15,0.326
279.15,0.121
279.15,0.102
279.15,0.138
279.15,0.456
279.15,0.197
279.15,0.148
279.15,0.138
279.15,0.489
279.15,0.331
279.15,0.093
279.15,0.124
279.15,0.357
279.15,0.177
279.15,0.196
279.15,0.065
279.15,0.045
279.15,0.168
279.15,0.256
279.15,0.099
279.15,0.259
279.15,0.020
279.15,0.041
279.15,0.041
279.15,0.163
279.15,0.434
279.15,0.450
279.15,0.462
279.15,0.455
279.15,0.484
279.15,0.220
279.15,0.106
279.15,0.475
279.15,0.444
279.15,0.460
279.15,0.288
279.15,0.287
279.15,0.098
279.15,0.034
279.15,0.214
279.15,0.077
279.15,0.492
279.15,0.125
279.15,0.441
279.15,0.483
279.15,0.312
279.15,0.151
279.15,0.026
279.15,0.373
279.15,0.280
279.15,0.289
279.15,0.325
279.15,0.301
279.15,0.399
279.15,0.490
279.15,0.467
279.15,0.482
279.15,0.049
279.15,0.479
279.15,0.159
279.15,0.043
279.15,0.269
279.15,0.479
279.15,0.245
279.15,0.378
279.15,0.026
279.15,0.277
279.15,0.099
279.15,0.079
279.15,0.121
279.15,0.025
279.15,0.160
279.15,0.062
279.15,0.046
279.15,0.076
279.15,0.079
279.15,0.018
279.15,0.013
279.15,0.045
279.15,0.027
279.15,0.053
279.15,0.040
279.15,0.011
279.15,0.025
279.15,0.018
279.15,0.125
279.15,0.163
279.15,0.478
279.15,0.476
279.15,0.435
278.15,0.040
278.15,0.416
278.15,0.489
278.15,0.462
278.15,0.208
278.15,0.464
278.15,0.371
278.15,0.057
278.15,0.154
278.15,0.283
278.15,0.065
278.15,0.066
278.15,0.058
278.15,0.031
278.15,0.030
278.15,0.061
278.15,0.063
278.15,0.063
278.15,0.046
278.15,0.028
278.15,0.046
278.15,0.036
278.15,0.065
278.15,0.062
278.15,0.036
278.15,0.109
278.15,0.088
278.15,0.275
278.15,0.141
278.15,0.180
278.15,0.116
278.15,0.455
278.15,0.451
278.15,0.203
278.15,0.157
278.15,0.190
278.15,0.027
278.15,0.035
278.15,0.024
278.15,0.210
278.15,0.074
278.15,0.069
278.15,0.071
278.15,0.046
278.15,0.026
278.15,0.395
278.15,0.359
278.15,0.486
278.15,0.479
278.15,0.457
278.15,0.348
278.15,0.196
278.15,0.184
278.15,0.141
278.15,0.120
278.15,0.083
278.15,0.050
278.15,0.102
278.15,0.093
278.15,0.109
278.15,0.092
278.15,0.088
278.15,0.065
278.15,0.062
278.15,0.092
278.15,0.092
278.15,0.196
278.15,0.218
278.15,0.035
278.15,0.056
278.15,0.041
278.15,0.135
278.15,0.078
278.15,0.201
278.15,0.056
278.15,0.043
278.15,0.140
278.15,0.058
278.15,0.054
278.15,0.232
278.15,0.046
278.15,0.452
278.15,0.410
278.15,0.429
278.15,0.387
278.15,0.377
278.15,0.184
278.15,0.170
278.15,0.230
278.15,0.221
278.15,0.200
278.15,0.153
278.15,0.039
278.15,0.299
278.15,0.043
278.15,0.125
278.15,0.181
278.15,0.073
278.15,0.109
278.15,0.026
278.15,0.186
278.15,0.273
278.15,0.126
278.15,0.070
278.15,0.076
278.15,0.159
278.15,0.116
278.15,0.038
278.15,0.369
278.15,0.242
278.15,0.130
278.15,0.037
278.15,0.037
278.15,0.044
278.15,0.052
278.15,0.064
278.15,0.083
278.15,0.094
278.15,0.075
278.15,0.050
278.15,0.058
278.15,0.062
278.15,0.083
278.15,0.109
278.15,0.061
278.15,0.111
278.15,0.064
278.15,0.089
278.15,0.116
278.15,0.111
278.15,0.108
278.15,0.102
278.15,0.104
278.15,0.088
278.15,0.111
278.15,0.065
278.15,0.086
278.15,0.084
278.15,0.090
278.15,0.068
278.15,0.057
278.15,0.071
278.15,0.085
278.15,0.122
278.15,0.105
278.15,0.115
278.15,0.085
278.15,0.082
278.15,0.126
278.15,0.093
278.15,0.116
278.15,0.105
278.15,0.118
278.15,0.094
278.15,0.137
278.15,0.128
278.15,0.096
278.15,0.134
278.15,0.117
278.15,0.131
278.15,0.144
278.15,0.137
278.15,0.128
278.15,0.099
278.15,0.101
278.15,0.095
278.15,0.118
278.15,0.160
278.15,0.134
278.15,0.093
278.15,0.046
278.15,0.073
278.15,0.148
278.15,0.226
278.15,0.134
278.15,0.123
278.15,0.474
278.15,0.087
278.15,0.225
278.15,0.299
278.15,0.283
278.15,0.281
278.15,0.268
278.15,0.263
278.15,0.284
278.15,0.263
278.15,0.217
278.15,0.246
278.15,0.208
278.15,0.222
278.15,0.197
278.15,0.213
278.15,0.177
278.15,0.174
278.15,0.087
278.15,0.165
278.15,0.159
278.15,0.158
278.15,0.205
278.15,0.176
278.15,0.384
278.15,0.070
278.15,0.160
278.15,0.224
278.15,0.313
278.15,0.320
278.15,0.039
278.15,0.028
278.15,0.071
278.15,0.079
278.15,0.120
278.15,0.090
278.15,0.332
278.15,0.118
278.15,0.087
278.15,0.115
278.15,0.108
278.15,0.141
278.15,0.108
278.15,0.083
278.15,0.114
278.15,0.135
278.15,0.160
278.15,0.181
278.15,0.081
278.15,0.084
278.15,0.090
278.15,0.115
278.15,0.125
278.15,0.121
278.15,0.126
278.15,0.155
278.15,0.261
278.15,0.084
278.15,0.114
278.15,0.121
278.15,0.161
278.15,0.133
278.15,0.152
278.15,0.170
278.15,0.147
278.15,0.152
278.15,0.207
278.15,0.378
278.15,0.127
278.15,0.219
278.15,0.416
278.15,0.053
278.15,0.061
278.15,0.087
278.15,0.161
278.15,0.189
278.15,0.177
278.15,0.201
278.15,0.148
278.15,0.143
278.15,0.152
278.15,0.115
278.15,0.117
278.15,0.116
278.15,0.107
278.15,0.130
278.15,0.133
278.15,0.130
278.15,0.140
278.15,0.091
278.15,0.121
278.15,0.194
278.15,0.097
278.15,0.202
278.15,0.155
278.15,0.199
278.15,0.178
278.15,0.126
278.15,0.046
278.15,0.022
278.15,0.050
278.15,0.037
278.15,0.210
278.15,0.415
278.15,0.466
278.15,0.472
278.15,0.141
278.15,0.038
278.15,0.194
278.15,0.148
278.15,0.461
278.15,0.203
278.15,0.285
278.15,0.169
278.15,0.167
278.15,0.470
278.15,0.396
278.15,0.146
278.15,0.362
278.15,0.446
278.15,0.490
278.15,0.428
278.15,0.500
278.15,0.374
278.15,0.024
278.15,0.192
278.15,0.228
278.15,0.256
278.15,0.408
278.15,0.340
278.15,0.461
278.15,0.186
278.15,0.386
278.15,0.482
278.15,0.492
278.15,0.351
278.15,0.036
278.15,0.035
278.15,0.237
278.15,0.204
278.15,0.202
278.15,0.164
278.15,0.123
278.15,0.096
278.15,0.132
278.15,0.133
278.15,0.167
278.15,0.184
278.15,0.156
278.15,0.173
278.15,0.034
278.15,0.090
278.15,0.117
278.15,0.114
278.15,0.120
278.15,0.085
278.15,0.289
278.15,0.086
278.15,0.262
278.15,0.245
278.15,0.141
278.15,0.086
278.15,0.294
278.15,0.231
278.15,0.146
278.15,0.065
278.15,0.163
278.15,0.490
278.15,0.463
278.15,0.304
278.15,0.493
278.15,0.087
278.15,0.450
278.15,0.475
278.15,0.466
278.15,0.497
